NAME: ville02
TYPE: TSP
COMMENT: 29 Cities in Bavaria, geographical distances (Groetschel,Juenger,Reinelt)
DIMENSION: 29
EDGE_WEIGHT_TYPE: EXPLICIT
EDGE_WEIGHT_FORMAT: UPPER_ROW 
DISPLAY_DATA_TYPE: TWOD_DISPLAY
EDGE_WEIGHT_SECTION
3162 13416 9899 8944 11045 11180 10000 3605 16401 4472 7071 6082 7615 5099 9219 8000 9219 10440 
9219 5000 2236 2236 13928 6403 13416 7615 14035 17000 9486 12206 11180 5099 14866 14422 0 
16763 14317 13453 3162 17464 7211 21954 12529 8062 15033 2236 14317 9899 2236 0 14422 
14422 14212 5385 17088 5385 22203 10770 5830 14035 3162 13038 10816 0 2236 14866 
3605 8944 10440 11045 12649 13601 14317 11313 7810 12206 0 10816 9899 5099 
16155 7615 8062 14866 4242 10770 2236 12649 0 12206 13038 14317 11180 
15297 6403 19723 11401 8246 13152 0 12649 7810 3162 2236 12206 
9486 12649 6403 12529 0 13152 2236 11313 14035 15033 9486 
23430 7071 0 12529 8246 10770 14317 5830 8062 17000 
0 7071 6403 11401 4242 13601 10770 12529 14035 
23430 12649 19723 14866 12649 22203 21954 7615 
9486 6403 8062 11045 5385 7211 13416 
15297 7615 10440 17088 17464 6403 
16155 8944 5385 3162 13928 
3605 14212 13453 2236 
14422 14317 2236 
16763 5000 
9219 
DISPLAY_DATA_SECTION
    1     18.0      8.0
    2     10.0     20.0
    3      8.0     19.0
    4     17.0     13.0
    5      7.0      6.0
    6     11.0     18.0
    7      9.0      5.0
    8      3.0     16.0
    9      4.0      9.0
   10     21.0      1.0
   11      6.0     14.0
   12     14.0      3.0
   13     13.0     21.0
   14     19.0     10.0
   15     16.0      7.0
   16     15.0      4.0
   17     20.0     17.0
   18      5.0     12.0
EOF
