NAME: ville06
TYPE: TSP
COMMENT: 29 Cities in Bavaria, geographical distances (Groetschel,Juenger,Reinelt)
DIMENSION: 29
EDGE_WEIGHT_TYPE: EXPLICIT
EDGE_WEIGHT_FORMAT: UPPER_ROW 
DISPLAY_DATA_TYPE: TWOD_DISPLAY
EDGE_WEIGHT_SECTION
9486 13341 10295 10295 4123 7810 9219 8544 11180 7810 10770 7615 10630 12000 10000 10198 7280 4123
13152 12041 8062 6403 8246 10295 6324 12649 11661 11661 6708 10630 7615 11704 8062 9219 11401
5385 18027 16278 17464 3162 8246 15811 1414 13928 3162 18027 6403 17204 15652 15524 15000
13038 3162 3162 8602 12529 8062 5000 16401 4123 17000 10000 17720 5385 2828 17088
19235 19646 15297 11045 13000 17691 13152 16278 19723 14035 10198 11045 14035 19697 
12727 3162 5830 11401 13601 7810 7810 17000 2236 18027 12806 19235 8062 
16763 6403 2236 3605 14212 12165 1414 18601 9486 18384 5000 18027 
11661 20880 17888 16970 6082 13152 16643 6403 18027 3605 17029 
19026 11401 7071 1414 14866 15132 5000 19313 13892 18357 
8544 20124 17804 18027 4472 11045 16970 2828 16492 
10630 5385 7280 12529 12165 5830 8944 15231 
6082 19416 17691 18788 4472 9486 17204 
15524 6708 2236 3605 12806 11045 
5000 10630 10440 14035 7071 
6403 15652 13453 14317 
18110 10000 5656 
15231 4472 
15620
DISPLAY_DATA_SECTION
    1     10.1     12.7
    2      4.3     12.2
    3      2.3      1.4
    4     15.7      8.5
    5     12.9     11.0
    6     10.2     13.3
    7     10.7     13.6
    8      5.0     11.0
    9     14.0     11.7
   10     15.0      7.1
   11      5.7     11.1
   12      2.6      0.9
   13     11.1     14.0
   14      5.5     11.9
   15      5.7     11.9
   16     14.6      7.6
   17      7.2      3.3
   18     14.2     10.9
   19      5.4     10.9
   20      5.6      9.2
   21      1.3      1.6
   22      9.6     13.3
   23      9.6     13.5
   24     14.2     11.7
   25      8.5      7.8
   26     14.0      8.4
   27      8.9      5.9
   28     12.9     12.1
   29     14.1     12.2
   30      2.6      1.9
   31     12.3     10.0
   32     15.6      7.6
   33      2.1      2.3
   34     13.8      7.3
   35      2.9      1.4
   36     11.8      8.9
   37     13.9      7.5
   38     14.6      8.4
   39      1.7      0.9
   40     14.6      7.9
   41      4.1     11.9
   42     12.6     10.6
   43      6.2      7.0
   44     10.4     12.7
   45      1.5      2.3
   46      1.6      0.9
   47      2.1      2.8
   48     12.9     12.0
   49     15.5      7.2
   50      6.7      3.0
   51     13.2     12.3
   52     11.4     14.3
   53     14.6     10.4
   54     13.5      9.4
   55     11.0     14.1
   56      1.8      2.7
   57     14.8      7.0
   58     11.8      1.4
   59      5.0     13.1
   60      4.5     12.4
   61      7.3      3.9
   62      3.1      2.8
   63      1.2      8.1
   64     11.4     14.0
   65      5.0     11.2
   66      6.6      8.2
   67      3.1      1.9
   68     14.5     14.4
   69      2.3      1.5
   70     13.0     11.1
   71      5.1     11.8
   72      5.6     12.7
   73     13.7     11.1
   74      5.4     10.7
   75      1.4      5.8
   76     12.7     10.9
   77     14.2      7.3
   78      1.8      2.7
   79     13.0     11.9
   80     13.6      7.5
   81      4.4     12.3
   82     14.0     11.1
   83     11.4     14.3
   84      5.2     12.0
   85     14.4     14.4
   86     14.1      8.9
   87      9.5     12.8
   88     14.8      8.9
   89     12.8     10.8
   90      4.0     11.9
   91     10.5     13.1
   92      5.3     11.4
   93      5.3     11.2
   94     10.4     14.4
   95     10.6     14.3
   96      2.8      1.6
   97     14.2     12.0
   98     14.3      7.0
   99     10.4     14.1
   100    14.2      7.3
EOF
